20 10
87402228 250648939 496668081 410052137 415431106 765813220 224048840 945266667 311866704 157728500
645738139 302020400 62405939 408638874 850586465 108689007 610026195 689557185 687818980 757088446
565098686 733279458 20096079 937277793 718414104 732711685 900459432 858705847 854641062 781239230
951732944 963823142 906191929 75019995 834105668 807616865 125744005 360616633 327135799 690189113
225434934 285431931 601811983 150848979 227234510 375094720 561702461 759923780 644878291 366233326
670428905 696282618 478048920 23657309 864861284 670549795 980797464 999392608 455872376 805937856
655196344 462116871 690432816 106588490 694110057 187659380 997921457 712164346 250164404 193923909
596324667 434861440 142167162 724794108 91043513 225038971 462919801 516914007 749045973 540601483
479339482 220627206 915345104 195359701 137775938 741807195 531633985 996286652 643358116 421325314
316249664 498053386 823812110 461015554 8938831 285093835 389012525 817530247 971192613 502149746
152940711 203039115 398706581 982118441 553734826 19675620 881962765 198215944 767910897 576888623
848775618 585659054 789122251 90555302 479793791 68598329 513955366 588649052 331974918 82679874
481840024 182381290 975226160 363701918 989795965 148169047 821229377 162289490 595517214 539672548
796132745 378837779 689438822 188942809 840526750 351259092 180502881 583955568 935027418 603828894
190034423 784171353 832349480 797743772 996974687 755420341 23681857 167219340 266771225 602752617
565883806 363007158 66281788 651881485 886538787 894499268 3658406 809962407 14641821 244533611
963785494 772579185 689877757 534596428 533057783 677292999 737449187 450792751 880234210 961846199
288311847 203155745 294329584 735770063 753258197 754461396 438090189 148913718 618577286 987973360
529313294 264187922 721421423 315776649 578941312 500501661 608841522 633956095 166021687 739061239
720789537 493323293 58835890 582843068 850097015 247244673 386861574 290827565 9661780 184417101